gm_bfs_wiki 4951.367
gm_bfs_lj	3495.807
gm_bfs_twitter	5157.679
gm_pr_wiki	26707.444(62)
gm_pr_lj	22602(51)
gm_pr_twitter	34595.499(38)
gm_sssp_wiki	7313.966
gm_sssp_lj		6702.485
gm_sssp_twitter		11605.892
gm_tc_wiki	27359.971
gm_tc_lj	21479.605
gm_tc_twitter	812693.239
gap_bfs_wiki 	240.96
gap_bfs_lj		284.04
gap_bfs_twitter		756.16
gap_pr_wiki		5456.95(20)
gap_pr_lj		4599.93(20)
gap_pr_twitter	9412.74(20)
gap_sssp_wiki	1538.46
gap_sssp_lj		1518.12
gap_sssp_twitter	1271.37
gap_tc_wiki		9555.18(2299.01)
gap_tc_lj		3144.83
gap_tc_twitter	10063.59

gm_bfs_u	1039.750
gm_bfs_g	571.952
gm_pr_u		8140.657(31)
gm_pr_g		11171.172(54)
gm_sssp_u	4783.014
gm_sssp_g	1120.952
gm_tc_u		14646.689
gm_tc_g		152523.886
gap_bfs_u	1.56	1.58	2.01	2.01	4.79	7.32	10.80	18.54	32.33	55.42	102.55	154.30	219.34	435.51
gap_bfs_g	1.07	1.30	1.54	1.65	2.76	3.91	6.99	12.32	23.26	33.12	46.27	80.71	146.00	253.08
gap_pr_u	1.75(6)	2.18(6)	3.21(6)	4.86(6)	8.07(6)	12.72(6)	27.78(6)	53.23(6)	92.44(6)	167.98(6)	413.23(6)	1752.20(6)	
gap_pr_g	2.72(10)	3.18(9)	4.26(9)	6.70(9)	10.53(9)	16.76(8)	27.10(8)	45.09(8)	87.55(8)	205.46(8)	481.48(8)	1319.24(7)	3908.96(7)	10413.53(7)
gap_sssp_u	35.83	39.56	51.24	61.34	64.88	97.46	150.42	194.77	237.26	333.99	573.22	1196.54	2593.49	5702.39	
gap_sssp_g	35.34	34.93	39.86	44.86	69.52	70.22	84.11	129.65	184.15	260.91	434.85	863.52	1828.68	3722.09
gap_tc_u	1.51	2.00	2.81	3.85	6.09	10.67	24.67	68.06	184.18	466.09	1060.25	2260.24	4660.26	9503.62
gap_tc_g	3.28	4.49	9.43	16.12	28.48	46.52	76.41	198.21	495.5	1300.41	3529.14	9550.45	25732.90	67350.96
