gm_bfs_g16: [4409.0, 123.0, 2.072, 0.979, 249.504024]
gap_tc_u23: [17917.0, 122.7, 2.495, 0.991, 303.3812715]
gm_sssp_u10: [1020.0, 123.4, 1.638, 0.969, 195.8631948]
gm_pr_lj: [64077.0, 123.7, 2.648, 0.991, 324.6095816]
gap_sssp_g19: [1157.0, 123.1, 2.153, 0.98, 259.733614]
gap_tc_u11: [2859.0, 123.1, 2.023, 0.988, 246.0429244]
gm_pr_g19: [11384.0, 122.7, 2.531, 0.99, 307.448163]
gm_sssp_u17: [12486.0, 123.0, 2.28, 0.986, 276.51384]
gap_bfs_u22: [21506.0, 122.6, 2.452, 0.991, 297.9096632]
gap_tc_wiki: [11010.0, 123.4, 2.42, 0.991, 295.940348]
gap_bfs_g20: [3171.0, 122.5, 2.338, 0.989, 283.254545]
gm_bfs_twitter: [87079.0, 123.3, 2.647, 0.99, 323.111349]
gap_tc_g11: [1086.0, 123.1, 2.091, 0.989, 254.5706769]
gap_sssp_g23: [25238.0, 123.0, 2.439, 0.991, 297.297027]
gm_pr_g16: [2552.0, 122.9, 2.288, 0.979, 275.2901008]
gap_pr_u23: [18485.0, 122.5, 2.487, 0.991, 301.9155825]
gap_sssp_u10: [4066.0, 123.4, 2.115, 0.989, 258.120099]
gm_pr_g11: [3020.0, 123.2, 1.746, 0.974, 209.5144128]
gap_bfs_g10: [2183.0, 122.8, 2.049, 0.988, 248.5977936]
gap_pr_u10: [2839.0, 122.7, 2.08, 0.989, 252.408624]
gm_tc_u19: [16020.0, 122.9, 2.455, 0.991, 299.0040245]
gap_bfs_u11: [944.0, 123.2, 1.454, 0.976, 174.8336128]
gm_bfs_g17: [10471.0, 123.0, 2.118, 0.982, 255.824748]
gap_sssp_u23: [19854.0, 123.0, 2.547, 0.991, 310.461471]
gap_bfs_g7: [824.0, 123.1, 1.823, 0.983, 220.5963079]
gm_sssp_u11: [3887.0, 123.3, 1.735, 0.972, 207.935586]
gap_pr_g13: [4253.0, 123.3, 2.087, 0.99, 254.753829]
gap_sssp_u14: [6610.0, 123.5, 2.11, 0.99, 257.97915]
gm_pr_u13: [2784.0, 123.2, 2.039, 0.987, 247.9391376]
gap_tc_g14: [3298.0, 123.0, 2.201, 0.987, 267.203601]
gap_sssp_g21: [5860.0, 122.9, 2.383, 0.99, 289.941993]
gap_pr_g12: [1384.0, 123.4, 2.074, 0.989, 253.1163524]
gm_bfs_u14: [6304.0, 123.1, 1.953, 0.981, 235.8464283]
gap_tc_u13: [7496.0, 123.1, 2.135, 0.99, 260.190315]
gm_bfs_u20: [19232.0, 122.7, 2.51, 0.987, 303.973299]
gm_pr_g15: [1552.0, 123.0, 2.109, 0.987, 256.034709]
gap_tc_lj: [46940.0, 123.4, 2.441, 0.991, 298.5084254]
gm_pr_u20: [34239.0, 122.8, 2.533, 0.991, 308.2529284]
gap_tc_g13: [1200.0, 123.0, 2.169, 0.989, 263.852343]
gap_bfs_g15: [18172.0, 122.7, 2.102, 0.99, 255.336246]
gm_pr_u17: [8992.0, 122.9, 2.489, 0.991, 303.1450171]
gap_bfs_g8: [3926.0, 123.0, 1.927, 0.984, 233.228664]
gap_pr_g15: [2588.0, 123.4, 2.15, 0.988, 262.12628]
gm_tc_u21: [55063.0, 122.6, 2.646, 0.991, 321.4800036]
gap_sssp_u20: [2810.0, 123.3, 2.245, 0.985, 272.6563725]
gap_bfs_g12: [10007.0, 122.8, 2.062, 0.989, 250.4282504]
gap_tc_g15: [4173.0, 123.0, 2.28, 0.987, 276.79428]
gm_sssp_u19: [15677.0, 122.8, 2.485, 0.99, 302.10642]
gap_bfs_u12: [4063.0, 123.0, 1.713, 0.973, 205.010127]
gap_pr_wiki: [38485.0, 123.7, 2.313, 0.987, 282.3985647]
gm_sssp_u20: [26388.0, 122.8, 2.566, 0.991, 312.2688568]
gap_bfs_u18: [8077.0, 122.8, 2.099, 0.989, 254.9218708]
gap_pr_g10: [3104.0, 123.2, 2.091, 0.989, 254.7774768]
gap_pr_g22: [11254.0, 123.3, 2.365, 0.99, 288.688455]
gm_bfs_g20: [21091.0, 122.8, 2.475, 0.991, 301.19463]
gm_pr_u15: [6711.0, 123.1, 2.138, 0.98, 257.924044]
gm_bfs_wiki: [81402.0, 123.1, 2.642, 0.991, 322.3031282]
gm_pr_u16: [8308.0, 122.9, 2.406, 0.988, 292.1490312]
gap_bfs_u21: [4803.0, 122.8, 2.379, 0.988, 288.6355056]
gap_pr_g14: [5573.0, 123.5, 2.106, 0.989, 257.229999]
gap_sssp_wiki: [49421.0, 123.3, 2.471, 0.991, 301.9322313]
gm_pr_g14: [7823.0, 123.1, 1.994, 0.98, 240.552172]
gap_sssp_g15: [6230.0, 123.1, 2.083, 0.989, 253.5967097]
gm_pr_g12: [11170.0, 123.1, 1.814, 0.976, 217.9441184]
gm_tc_u10: [1201.0, 123.3, 1.695, 0.974, 203.559669]
gap_tc_u21: [4939.0, 122.9, 2.385, 0.987, 289.3059855]
gap_sssp_g14: [5222.0, 123.1, 2.08, 0.989, 253.231472]
gap_bfs_u14: [2549.0, 122.9, 1.781, 0.976, 213.6316624]
gap_bfs_g24: [25159.0, 122.4, 2.459, 0.991, 298.2727656]
gm_bfs_g12: [2646.0, 123.3, 1.637, 0.977, 197.1997317]
gap_sssp_g13: [4006.0, 123.2, 2.059, 0.989, 250.8784432]
gm_bfs_u19: [21446.0, 122.8, 2.44, 0.99, 296.63568]
gm_tc_g10: [4648.0, 123.4, 1.607, 0.974, 193.1479012]
gm_bfs_u18: [12635.0, 122.8, 2.246, 0.986, 271.9474768]
gap_bfs_u5: [645.0, 123.2, 1.451, 0.981, 175.3666992]
gap_sssp_g18: [7387.0, 123.1, 2.102, 0.99, 256.168638]
gm_bfs_u16: [6329.0, 123.0, 2.102, 0.981, 253.633626]
gm_pr_u19: [20868.0, 122.9, 2.522, 0.991, 307.1642158]
gm_tc_u13: [1219.0, 123.1, 2.013, 0.983, 243.5876949]
gm_sssp_u15: [1979.0, 123.0, 2.144, 0.98, 258.43776]
gm_bfs_u17: [7626.0, 122.9, 2.163, 0.974, 258.9210498]
gm_pr_u12: [6255.0, 123.1, 2.017, 0.985, 244.5683095]
gm_sssp_g12: [2261.0, 123.4, 1.705, 0.974, 204.926678]
gap_sssp_u15: [4897.0, 123.4, 2.103, 0.989, 256.6555878]
gap_bfs_g13: [7893.0, 122.7, 2.063, 0.99, 250.598799]
gm_tc_g16: [2315.0, 123.0, 2.215, 0.99, 269.72055]
gap_bfs_g11: [2570.0, 122.9, 2.049, 0.988, 248.8002348]
gm_bfs_u10: [4708.0, 123.2, 1.675, 0.97, 200.1692]
gap_sssp_lj: [39061.0, 123.5, 2.319, 0.981, 280.9549665]
gm_pr_twitter: [76782.0, 123.7, 2.637, 0.991, 323.2611279]
gm_bfs_g15: [1812.0, 123.1, 1.917, 0.977, 230.5550979]
gap_bfs_u23: [40268.0, 122.7, 2.496, 0.991, 303.5028672]
gm_tc_twitter: [92063.0, 123.6, 2.653, 0.991, 324.9596028]
gm_tc_u15: [6210.0, 123.0, 2.125, 0.987, 257.977125]
gap_bfs_g18: [13234.0, 122.8, 2.164, 0.99, 263.081808]
gap_bfs_g22: [9517.0, 122.6, 2.444, 0.991, 296.9376904]
gap_pr_g23: [24091.0, 123.2, 2.421, 0.991, 295.5827952]
gap_tc_g19: [27657.0, 122.9, 2.481, 0.991, 302.1706659]
gm_sssp_u13: [2914.0, 123.2, 1.931, 0.978, 232.6654176]
gm_sssp_g21: [59542.0, 122.7, 2.646, 0.991, 321.7422222]
gm_sssp_u18: [18449.0, 122.9, 2.386, 0.987, 289.4272878]
gap_pr_u16: [3677.0, 122.7, 2.182, 0.989, 264.7863546]
gap_sssp_g12: [2834.0, 123.1, 2.048, 0.989, 249.3356032]
gm_pr_g10: [2884.0, 123.2, 1.722, 0.974, 206.6344896]
gap_pr_g20: [3448.0, 123.4, 2.271, 0.988, 276.8785032]
gm_sssp_g10: [2512.0, 123.5, 1.606, 0.978, 193.977498]
gm_sssp_g17: [8364.0, 123.1, 2.264, 0.985, 274.517924]
gap_pr_g19: [1185.0, 123.4, 2.241, 0.99, 273.774006]
gap_tc_g20: [64998.0, 122.9, 2.556, 0.991, 311.3052084]
gap_sssp_g10: [6518.0, 123.1, 2.054, 0.989, 250.0660786]
gm_tc_g19: [10456.0, 122.9, 2.381, 0.983, 287.6502767]
gap_pr_lj: [30662.0, 123.6, 2.316, 0.983, 281.3912208]
gm_tc_g20: [17123.0, 122.8, 2.539, 0.984, 306.8005728]
gap_pr_u24: [36803.0, 122.4, 2.524, 0.991, 306.1571616]
gap_bfs_u17: [10915.0, 122.8, 2.072, 0.988, 251.3883008]
gap_tc_u19: [43100.0, 123.1, 2.206, 0.99, 268.843014]
gm_bfs_g21: [60517.0, 122.8, 2.653, 0.991, 322.8563044]
gm_bfs_u12: [4982.0, 123.3, 1.854, 0.981, 224.2548342]
gm_sssp_g20: [25029.0, 122.8, 2.526, 0.986, 305.8501008]
gm_tc_g15: [1896.0, 123.1, 2.11, 0.987, 256.364367]
gap_bfs_twitter: [40491.0, 123.7, 2.331, 0.988, 284.8845636]
gm_bfs_g10: [22959.0, 123.3, 1.635, 0.977, 196.9588035]
gap_bfs_lj: [28302.0, 123.7, 2.241, 0.99, 274.439583]
gm_bfs_g14: [5706.0, 123.1, 1.93, 0.978, 232.356174]
gap_tc_u14: [4193.0, 123.0, 2.182, 0.99, 265.70214]
gap_tc_g22: [94159.0, 122.8, 2.657, 0.991, 323.3430836]
gm_tc_lj: [63164.0, 123.5, 2.669, 0.991, 326.6549065]
gap_tc_twitter: [44166.0, 123.5, 2.468, 0.99, 301.75002]
gap_bfs_u6: [924.0, 123.1, 1.458, 0.978, 175.5312444]
gm_pr_g20: [19941.0, 122.8, 2.506, 0.984, 302.8130112]
gap_bfs_g23: [11909.0, 122.4, 2.518, 0.991, 305.4293712]
gap_bfs_g16: [23927.0, 122.7, 2.132, 0.99, 258.980436]
gm_tc_u11: [3476.0, 123.1, 1.867, 0.981, 225.4609737]
gm_sssp_g14: [3099.0, 123.2, 1.894, 0.975, 227.50728]
gm_tc_twitter_1: [70829.0, 123.9, 2.02, 0.982, 245.772996]
gm_sssp_g11: [1123.0, 123.4, 1.603, 0.973, 192.4693246]
gap_pr_u19: [16210.0, 122.6, 2.277, 0.989, 276.0894378]
gap_tc_u15: [2191.0, 123.0, 2.236, 0.99, 272.27772]
gap_tc_g12: [1568.0, 123.1, 2.129, 0.989, 259.1970211]
gm_tc_u12: [1200.0, 123.2, 1.833, 0.978, 220.8574368]
gap_sssp_g16: [6586.0, 123.1, 2.103, 0.99, 256.290507]
gm_bfs_g18: [5802.0, 122.9, 2.244, 0.986, 271.9265736]
gm_sssp_g13: [2355.0, 123.2, 1.811, 0.981, 218.8760112]
gap_pr_g17: [6397.0, 123.3, 2.195, 0.989, 267.6664215]
gap_bfs_g17: [7478.0, 122.8, 2.14, 0.99, 260.16408]
gm_tc_u18: [8526.0, 122.9, 2.4, 0.99, 292.0104]
gap_bfs_u10: [758.0, 123.1, 1.653, 0.97, 197.379771]
gap_sssp_g22: [5042.0, 122.8, 2.405, 0.991, 292.675994]
gm_bfs_g11: [8225.0, 123.2, 1.776, 0.971, 212.4579072]
gap_pr_u21: [6296.0, 122.7, 2.275, 0.982, 274.117935]
gm_sssp_g15: [5854.0, 123.1, 2.138, 0.98, 257.924044]
gap_bfs_u24: [28271.0, 122.6, 2.5, 0.991, 303.7415]
gap_sssp_u13: [5443.0, 123.4, 2.103, 0.989, 256.6555878]
gap_pr_u11: [1879.0, 122.7, 2.092, 0.99, 254.121516]
gap_pr_u18: [8554.0, 122.6, 2.26, 0.989, 274.028164]
gm_bfs_g19: [10806.0, 122.8, 2.442, 0.991, 297.1787016]
gap_tc_u18: [17472.0, 122.9, 2.21, 0.99, 268.89291]
gm_tc_g12: [3240.0, 123.3, 1.81, 0.974, 217.370502]
gap_sssp_u22: [9407.0, 123.2, 2.452, 0.991, 299.3676224]
gap_sssp_u19: [2347.0, 123.4, 2.121, 0.98, 256.496772]
gm_bfs_u21: [54510.0, 122.6, 2.717, 0.991, 330.1062622]
gm_tc_g14: [3124.0, 123.2, 1.938, 0.975, 232.79256]
gm_tc_g13: [947.0, 123.2, 1.856, 0.982, 224.5433344]
gm_sssp_wiki: [84903.0, 123.4, 2.66, 0.991, 325.289804]
gap_pr_g11: [4218.0, 123.4, 2.061, 0.99, 251.784126]
gap_bfs_u7: [869.0, 123.1, 1.51, 0.977, 181.605737]
gap_sssp_u16: [5461.0, 123.3, 2.122, 0.989, 258.7645314]
gap_sssp_u18: [14983.0, 123.4, 2.141, 0.99, 261.557406]
gm_bfs_g13: [3283.0, 123.0, 1.93, 0.986, 234.06654]
gm_pr_wiki: [80714.0, 123.5, 2.61, 0.991, 319.433985]
gm_sssp_u14: [1573.0, 123.1, 2.077, 0.984, 251.5878408]
gap_tc_g23: [35133.0, 122.9, 2.616, 0.991, 318.6128424]
gm_bfs_u13: [8372.0, 123.0, 1.839, 0.981, 221.899257]
gap_bfs_u16: [5509.0, 122.8, 1.969, 0.983, 237.6827156]
gap_bfs_u15: [16230.0, 123.1, 1.742, 0.97, 208.006994]
gap_bfs_g19: [903.0, 122.6, 2.235, 0.985, 269.900835]
gap_sssp_g20: [1453.0, 123.0, 2.262, 0.99, 275.44374]
gap_pr_u12: [1539.0, 122.8, 2.051, 0.987, 248.5885836]
gap_bfs_g21: [5937.0, 122.6, 2.414, 0.991, 293.2927924]
gm_pr_g13: [1205.0, 123.0, 2.008, 0.988, 244.020192]
gm_bfs_u15: [3235.0, 123.0, 2.08, 0.978, 250.21152]
gap_sssp_twitter: [48944.0, 123.4, 2.49, 0.991, 304.500606]
gap_pr_twitter: [40161.0, 123.4, 2.441, 0.989, 297.9059866]
gm_tc_g17: [4304.0, 123.0, 2.247, 0.99, 273.61719]
gm_pr_g21: [52470.0, 122.7, 2.617, 0.991, 318.2159469]
gap_pr_u22: [9195.0, 122.4, 2.538, 0.991, 307.8553392]
gap_bfs_g9: [6102.0, 123.0, 2.039, 0.989, 248.038233]
gap_sssp_g17: [7308.0, 123.1, 2.108, 0.99, 256.899852]
gap_bfs_u20: [3124.0, 122.8, 2.213, 0.981, 266.5930284]
gap_tc_u16: [10077.0, 122.9, 2.262, 0.99, 275.219802]
gm_tc_wiki: [84478.0, 123.4, 2.642, 0.991, 323.0885948]
gap_tc_u20: [2538.0, 123.1, 2.218, 0.98, 267.575084]
gap_pr_u14: [5080.0, 122.6, 2.118, 0.988, 256.5507984]
gap_pr_u17: [19532.0, 122.7, 2.2, 0.99, 267.2406]
gap_sssp_g11: [3036.0, 123.1, 2.053, 0.987, 249.4388841]
gm_sssp_u12: [2358.0, 123.3, 1.885, 0.982, 228.236931]
gm_pr_u21: [54070.0, 122.6, 2.69, 0.99, 326.49606]
gm_sssp_g16: [4857.0, 123.1, 2.173, 0.975, 260.8088925]
gm_sssp_g18: [7669.0, 123.0, 2.366, 0.989, 287.816802]
gm_bfs_u11: [6552.0, 123.2, 1.689, 0.976, 203.0907648]
gap_sssp_u11: [4606.0, 123.4, 2.109, 0.989, 257.3878434]
gap_sssp_u17: [11813.0, 123.3, 2.128, 0.99, 259.758576]
gap_bfs_u9: [594.0, 123.2, 1.429, 0.981, 172.7077968]
gm_sssp_u21: [67775.0, 122.6, 2.709, 0.991, 329.1342894]
gm_tc_g11: [11752.0, 123.3, 1.77, 0.977, 213.221457]
gm_sssp_twitter: [76603.0, 123.4, 2.649, 0.991, 323.9446206]
gap_pr_u20: [44585.0, 122.7, 2.228, 0.99, 270.641844]
gap_tc_g21: [87655.0, 122.8, 2.622, 0.991, 319.0837656]
gap_pr_g21: [5572.0, 123.4, 2.282, 0.987, 277.9380156]
gap_bfs_g14: [3145.0, 122.8, 2.087, 0.989, 253.4644804]
gap_tc_u22: [9118.0, 122.7, 2.442, 0.991, 296.9366994]
gap_tc_u12: [1172.0, 123.1, 2.08, 0.989, 253.231472]
gap_tc_g10: [4354.0, 122.9, 2.153, 0.989, 261.6930593]
gap_tc_g17: [19080.0, 122.9, 2.356, 0.981, 284.0509044]
gap_pr_g18: [10980.0, 123.4, 2.253, 0.99, 275.239998]
gap_bfs_u8: [654.0, 123.2, 1.416, 0.98, 170.962176]
gap_pr_u15: [6664.0, 122.8, 2.148, 0.988, 260.6091072]
gm_tc_u20: [26582.0, 122.8, 2.549, 0.99, 309.887028]
gm_tc_g18: [9251.0, 122.9, 2.276, 0.99, 276.923196]
gm_tc_u16: [5324.0, 122.9, 2.237, 0.987, 271.3532451]
gm_pr_u11: [4064.0, 123.2, 1.855, 0.982, 224.422352]
gm_pr_g18: [6294.0, 122.7, 2.534, 0.991, 308.1235038]
gap_sssp_u12: [3136.0, 123.4, 2.103, 0.989, 256.6555878]
gm_pr_u14: [5990.0, 123.1, 2.147, 0.987, 260.8598559]
gap_bfs_g6: [7949.0, 123.1, 1.78, 0.979, 214.516522]
gap_pr_g16: [4269.0, 123.4, 2.167, 0.989, 264.4663142]
gap_tc_u17: [7736.0, 122.9, 2.237, 0.99, 272.178027]
gm_tc_g21: [50791.0, 122.5, 2.633, 0.991, 319.6396175]
gap_sssp_u21: [5468.0, 123.3, 2.264, 0.982, 274.1264784]
gm_pr_u10: [3160.0, 123.2, 1.888, 0.979, 227.7169664]
gm_pr_u18: [9004.0, 122.8, 2.559, 0.991, 311.4169932]
gap_bfs_u19: [10827.0, 122.8, 2.151, 0.988, 260.9730864]
gm_sssp_lj: [64845.0, 123.4, 2.651, 0.991, 324.1891994]
gap_pr_u13: [1271.0, 122.7, 2.078, 0.988, 251.9109528]
gm_sssp_g19: [14785.0, 122.9, 2.504, 0.987, 303.7409592]
gm_bfs_lj: [64604.0, 123.3, 2.661, 0.991, 325.1483883]
gm_tc_u17: [10881.0, 123.0, 2.327, 0.99, 283.35879]
gm_sssp_u16: [2926.0, 123.0, 2.211, 0.978, 265.970034]
gap_tc_g18: [49242.0, 122.9, 2.458, 0.991, 299.3694062]
gap_bfs_u13: [12913.0, 123.0, 1.739, 0.973, 208.121781]
gm_pr_g17: [3410.0, 122.7, 2.441, 0.988, 295.9165716]
gap_bfs_g5: [6469.0, 123.1, 1.751, 0.979, 211.0215899]
gm_tc_u14: [1391.0, 123.1, 2.067, 0.985, 250.6309845]
gap_bfs_wiki: [38489.0, 123.7, 2.307, 0.989, 282.2367651]
gap_tc_u10: [1189.0, 123.2, 1.864, 0.976, 224.1333248]
gap_tc_g16: [8194.0, 122.9, 2.342, 0.988, 284.3778184]
